0.0
0.0011220230306695994
0.001258935681352993
0.0014125548286097825
0.0015849190497837248
0.0017783156756043168
0.001995311143828812
0.0022387850567276288
0.0025119683943673455
0.0028184863907942965
0.0031624066421000376
0.0035482930847787553
0.0039812665606874425
0.004467072772326056
0.005012158530226932
0.0056237573042817075
0.006309985214300458
0.007079948733629762
0.007943865535092659
0.008913200082916448
0.010000815769998435
0.01122114561942197
0.012590383815488737
0.01412670060594815
0.015850483427248017
0.017784607452619075
0.019954739153256802
0.02238967690095851
0.0251217331321266
0.02818716314458157
0.031626646217461855
0.03548582543883179
0.0398159134046904
0.04467437182720906
0.050125674070825674
0.05624216073530443
0.06310499963963298
0.07080526294606498
0.07944513571810176
0.0891392719503822
0.10001631606544939
0.1122206100681641
0.12591410901227287
0.14127853019801276
0.15851776462132072
0.17786058267538452
0.19956367001009584
0.22391503383627565
0.251237824877464
0.28189462568785
0.3162922622437539
0.35488720266008056
0.39819161467452
0.44678016228432604
0.5012976317293151
0.562467488020419
0.6311014755617873
0.7081103902698923
0.7945161661392576
0.891465436647561
1
